12 2 0.7 20 1000
1 2 0.2001137190010197
1 3 0.6797658230999417
1 4 0.973233568518077
1 5 0.8880820657526448
1 6 0.5384006908253707
1 7 0.4745471325938375
1 8 0.365002555486174
1 9 0.17862341849642982
1 10 0.22529212740461801
1 11 0.6370708084375822
1 12 0.2108535311784192
2 3 0.4158690507977846
2 4 0.1186877908107572
2 5 0.4872058277396939
2 6 0.6989550098846394
2 7 0.7162992548396494
2 8 0.6755635625177476
2 9 0.22424873110197996
2 10 0.825912740682745
2 11 0.4390941757176757
2 12 0.8337703446954117
3 4 0.8475151975851004
3 5 0.9294944605895613
3 6 0.45036317410862414
3 7 0.3340356524187773
3 8 0.5798042967441842
3 9 0.7583245642840077
3 10 0.29552512785508844
3 11 0.018777095062853078
3 12 0.5166840505167605
4 5 0.5565800151819196
4 6 0.35209985049827863
4 7 0.17177035697766785
4 8 0.5109920252476736
4 9 0.047287482706070194
4 10 0.5531557222721253
4 11 0.6721224062044089
4 12 0.8866949373728575
5 6 0.0853470373650721
5 7 0.2895378816041453
5 8 0.8323139490374194
5 9 0.5563630551778074
5 10 0.06821261600914197
5 11 0.6555525980493933
5 12 0.6550134122878604
6 7 0.11836726126136554
6 8 0.04326716923698959
6 9 0.5319151868783861
6 10 0.6221913176847296
6 11 0.14840463509560187
6 12 0.634940240051237
7 8 0.9877711807494156
7 9 0.3156989059532104
7 10 0.9509428905008445
7 11 0.18693393022247107
7 12 0.36468303292755466
8 9 0.4600716478702661
8 10 0.22843598900858508
8 11 0.182724543564162
8 12 0.7177224291155864
9 10 0.7349404265214601
9 11 0.2693365764143184
9 12 0.7960336919552775
10 11 0.8092723220689174
10 12 0.010077006417850365
11 12 0.17270883099917322